{
  "camera_angle_x": 0.8980442324590322,
  "camera_angle_y": 1.1579231937334025,
  "fl_x": 627.7892920055245,
  "fl_y": 616.5045858981639,
  "k1": -0.002424982541550144,
  "k2": -0.021257945251103607,
  "k3": 0,
  "k4": 0,
  "p1": 0.011019473319143252,
  "p2": 0.009578062266784074,
  "is_fisheye": false,
  "cx": 318.7892546755043,
  "cy": 395.3261158329061,
  "w": 605.0,
  "h": 806.0,
  "aabb_scale": 32,
  "frames": [
    {
      "file_path": "./newfruit_small/IMG_3636.jpg",
      "sharpness": 174.0280722656648,
      "transform_matrix": [
        [
          -0.7005742104570523,
          -0.4570083225856028,
          0.5480320873915556,
          1.7261286157331763
        ],
        [
          0.696352941480166,
          -0.27011382902648107,
          0.6649293949457517,
          2.563875415681642
        ],
        [
          -0.15584722186730948,
          0.8474561419544305,
          0.5074738722171593,
          1.9640941767940983
        ],
        [
          0.0,
          0.0,
          0.0,
          1.0
        ]
      ]
    },
    {
      "file_path": "./newfruit_small/IMG_3634.jpg",
      "sharpness": 216.6813063667921,
      "transform_matrix": [
        [
          -0.4650991103880382,
          -0.6219472455305372,
          0.6299717782361421,
          2.8522918578802474
        ],
        [
          0.8633642711240828,
          -0.1613908059117939,
          0.47807441169327747,
          2.2221456625351355
        ],
        [
          -0.19566541052004893,
          0.7662471087234173,
          0.6120297505694867,
          2.0826140454152315
        ],
        [
          0.0,
          0.0,
          0.0,
          1.0
        ]
      ]
    },
    {
      "file_path": "./newfruit_small/IMG_3637.jpg",
      "sharpness": 42.16212177513171,
      "transform_matrix": [
        [
          -0.8832692723764419,
          -0.3650387621767715,
          0.2942483554156517,
          1.099826323869968
        ],
        [
          0.4467797886304932,
          -0.46493664026355835,
          0.7643439939020105,
          3.1283649400156097
        ],
        [
          -0.14220834364120916,
          0.8065857813766073,
          0.5737561889540154,
          1.7313180067344007
        ],
        [
          0.0,
          0.0,
          0.0,
          1.0
        ]
      ]
    },
    {
      "file_path": "./newfruit_small/IMG_3638.jpg",
      "sharpness": 173.27772866944815,
      "transform_matrix": [
        [
          -0.8918141141671603,
          -0.3563262296622833,
          0.27874576930902334,
          0.7944738252384463
        ],
        [
          0.4229864151431605,
          -0.43820026543696683,
          0.7931349317598234,
          2.674112642690237
        ],
        [
          -0.16046830974678478,
          0.8252346002787642,
          0.5415143360548108,
          1.7871102920951498
        ],
        [
          0.0,
          0.0,
          0.0,
          1.0
        ]
      ]
    },
    {
      "file_path": "./newfruit_small/IMG_3631.jpg",
      "sharpness": 259.303770948328,
      "transform_matrix": [
        [
          -0.09608569395740374,
          -0.7063043852831427,
          0.7013570095374396,
          2.5470061015532126
        ],
        [
          0.984808777005729,
          0.03492828948558708,
          0.1700931724921414,
          0.6239003426531909
        ],
        [
          -0.14463475429979084,
          0.7070460593232851,
          0.6922186489305072,
          2.381124268166537
        ],
        [
          0.0,
          0.0,
          0.0,
          1.0
        ]
      ]
    },
    {
      "file_path": "./newfruit_small/IMG_3635.jpg",
      "sharpness": 176.95267289108057,
      "transform_matrix": [
        [
          -0.640181560159921,
          -0.5353999642047819,
          0.5509214539673527,
          2.5851478333729125
        ],
        [
          0.7525108349232549,
          -0.29273716393427035,
          0.5899427058428439,
          2.8789125202031265
        ],
        [
          -0.15458011960618306,
          0.7922448051335433,
          0.5902992084058527,
          1.9684205301605104
        ],
        [
          0.0,
          0.0,
          0.0,
          1.0
        ]
      ]
    },
    {
      "file_path": "./newfruit_small/IMG_3630.jpg",
      "sharpness": 270.31891160257624,
      "transform_matrix": [
        [
          -0.07671270145383145,
          -0.6800989357587905,
          0.7290957406926678,
          2.422322133237413
        ],
        [
          0.9902093172822225,
          0.0335646338690899,
          0.13549510442469354,
          0.589747266548488
        ],
        [
          -0.11662190791162258,
          0.7323515911188502,
          0.6708654691246714,
          2.4298798192061297
        ],
        [
          0.0,
          0.0,
          0.0,
          1.0
        ]
      ]
    },
    {
      "file_path": "./newfruit_small/IMG_3632.jpg",
      "sharpness": 271.9809524916327,
      "transform_matrix": [
        [
          -0.23936078968719385,
          -0.6958723669926346,
          0.6771026962707837,
          2.5039238252170377
        ],
        [
          0.9547207964877479,
          -0.04178868526846398,
          0.29455374134389034,
          1.095081686816712
        ],
        [
          -0.17667657772662107,
          0.7169486416210352,
          0.6743663931748715,
          2.2801583416527897
        ],
        [
          0.0,
          0.0,
          0.0,
          1.0
        ]
      ]
    },
    {
      "file_path": "./newfruit_small/IMG_3633.jpg",
      "sharpness": 297.18426243569115,
      "transform_matrix": [
        [
          -0.26409146573497827,
          -0.6995500013839694,
          0.6639920883342008,
          2.573557718146953
        ],
        [
          0.9494677202386664,
          -0.0674991508890335,
          0.3065206564921832,
          1.1804891197494305
        ],
        [
          -0.1696076235137273,
          0.7113885438182532,
          0.6820260947011447,
          2.2576052554953
        ],
        [
          0.0,
          0.0,
          0.0,
          1.0
        ]
      ]
    },
    {
      "file_path": "./newfruit_small/IMG_3640.jpg",
      "sharpness": 186.78667019824496,
      "transform_matrix": [
        [
          -0.9786984628811626,
          -0.19403249244497622,
          0.06708733643850733,
          0.09702438487567622
        ],
        [
          0.15716897487654663,
          -0.4978692195647498,
          0.8528916423254436,
          2.9925408514809986
        ],
        [
          -0.13208797131057765,
          0.8452677872433404,
          0.5177597278341829,
          1.6455765524891202
        ],
        [
          0.0,
          0.0,
          0.0,
          1.0
        ]
      ]
    },
    {
      "file_path": "./newfruit_small/IMG_3639.jpg",
      "sharpness": 223.69912633392946,
      "transform_matrix": [
        [
          -0.9328114066991108,
          -0.29274773981155944,
          0.2101467117230817,
          0.5142312444895338
        ],
        [
          0.327902641090425,
          -0.44763743067056816,
          0.8319258312078822,
          3.122375826734239
        ],
        [
          -0.14947487267737147,
          0.8449375666688184,
          0.5135540584524513,
          1.7468508652620653
        ],
        [
          0.0,
          0.0,
          0.0,
          1.0
        ]
      ]
    },
    {
      "file_path": "./newfruit_small/IMG_3628.jpg",
      "sharpness": 271.156731899977,
      "transform_matrix": [
        [
          0.011213853990242918,
          -0.7171182516363959,
          0.6968612937517901,
          2.091660828062383
        ],
        [
          0.9921529013536841,
          0.09476822839018141,
          0.08155736156597355,
          0.2665294641323867
        ],
        [
          -0.12452658277681525,
          0.6904783820924902,
          0.712553671050813,
          2.421656663818871
        ],
        [
          0.0,
          0.0,
          0.0,
          1.0
        ]
      ]
    },
    {
      "file_path": "./newfruit_small/IMG_3643.jpg",
      "sharpness": 263.87615936688877,
      "transform_matrix": [
        [
          -0.9823804062633162,
          -0.059075475887050366,
          -0.17730997044558477,
          -0.6061856936759146
        ],
        [
          -0.11679748293185165,
          -0.5465813943688392,
          0.8292207952728566,
          3.262311695426544
        ],
        [
          -0.14590094397782785,
          0.8353196199889046,
          0.5300509853694216,
          1.518780557336019
        ],
        [
          0.0,
          0.0,
          0.0,
          1.0
        ]
      ]
    },
    {
      "file_path": "./newfruit_small/IMG_3642.jpg",
      "sharpness": 297.884428748267,
      "transform_matrix": [
        [
          -0.9856823668968392,
          -0.11916247110769435,
          -0.11929198275209708,
          -0.1479613874201161
        ],
        [
          -0.037213691021412615,
          -0.5363004133584791,
          0.84320638507689,
          3.245834426611323
        ],
        [
          -0.16445489615985043,
          0.8355729604125852,
          0.5241873854257895,
          1.6133830158178701
        ],
        [
          0.0,
          0.0,
          0.0,
          1.0
        ]
      ]
    },
    {
      "file_path": "./newfruit_small/IMG_3641.jpg",
      "sharpness": 231.62158808293333,
      "transform_matrix": [
        [
          -0.9876411078277645,
          -0.15216202874663368,
          -0.03757338442606527,
          0.0009999090471933365
        ],
        [
          0.04910298154775891,
          -0.5280579555473407,
          0.8477875280921706,
          3.2921454756315307
        ],
        [
          -0.14884199478362062,
          0.8354648482453535,
          0.5290033535038555,
          1.6303694801203639
        ],
        [
          0.0,
          0.0,
          0.0,
          1.0
        ]
      ]
    },
    {
      "file_path": "./newfruit_small/IMG_3655.jpg",
      "sharpness": 269.0829603904315,
      "transform_matrix": [
        [
          -0.2913185015207884,
          0.5223914639832792,
          -0.8013992070808801,
          -3.357730723474238
        ],
        [
          -0.9429002440475202,
          -0.015397260469279264,
          0.33271918211536605,
          1.3730366530404268
        ],
        [
          0.16147030830926717,
          0.8525667614971215,
          0.49704854572561086,
          1.6419333761238273
        ],
        [
          0.0,
          0.0,
          0.0,
          1.0
        ]
      ]
    },
    {
      "file_path": "./newfruit_small/IMG_3652.jpg",
      "sharpness": 175.3631192197898,
      "transform_matrix": [
        [
          -0.2783541902094197,
          0.5227978814390153,
          -0.805730302295073,
          -3.1327938566960687
        ],
        [
          -0.9484187894534117,
          -0.01709079811227726,
          0.31655916419203584,
          1.518980444028241
        ],
        [
          0.1517258864602324,
          0.8522853277306697,
          0.5005886291117746,
          1.598709836695691
        ],
        [
          0.0,
          0.0,
          0.0,
          1.0
        ]
      ]
    },
    {
      "file_path": "./newfruit_small/IMG_3629.jpg",
      "sharpness": 295.70186197433173,
      "transform_matrix": [
        [
          -0.052517553254048596,
          -0.7244537511054364,
          0.6873199176440653,
          2.0847876955344358
        ],
        [
          0.9895490799891175,
          0.05480427447083585,
          0.13337582162733527,
          0.4131289983678603
        ],
        [
          -0.13429268370053027,
          0.6871413639779966,
          0.714004356497978,
          2.384198798977289
        ],
        [
          0.0,
          0.0,
          0.0,
          1.0
        ]
      ]
    },
    {
      "file_path": "./newfruit_small/IMG_3657.jpg",
      "sharpness": 370.74725695088523,
      "transform_matrix": [
        [
          0.11372801246646401,
          0.4694419527678039,
          -0.8756084697184882,
          -3.453269235877939
        ],
        [
          -0.9604666978362678,
          0.2773625174718777,
          0.023953209628513005,
          0.18973008952647297
        ],
        [
          0.25410561098388396,
          0.8382686245847408,
          0.48242725004547354,
          1.8261995434972909
        ],
        [
          0.0,
          0.0,
          0.0,
          1.0
        ]
      ]
    },
    {
      "file_path": "./newfruit_small/IMG_3644.jpg",
      "sharpness": 613.3574155243256,
      "transform_matrix": [
        [
          -0.9653886840026656,
          0.030838683501039417,
          -0.25898583837788997,
          -0.9500275389321533
        ],
        [
          -0.23438427747646978,
          -0.5381490888038976,
          0.8096045755143175,
          3.1587068848616138
        ],
        [
          -0.11440585367089552,
          0.8422853043231429,
          0.5267511431883447,
          1.497760562081287
        ],
        [
          0.0,
          0.0,
          0.0,
          1.0
        ]
      ]
    },
    {
      "file_path": "./newfruit_small/IMG_3654.jpg",
      "sharpness": 511.41673177849657,
      "transform_matrix": [
        [
          -0.32240448536625865,
          0.6476172577549789,
          -0.6903964334745745,
          -2.9021459046515643
        ],
        [
          -0.9261387685598594,
          -0.06497394239495836,
          0.37154457092310356,
          1.6301516367241191
        ],
        [
          0.1957608980567089,
          0.7591905388953522,
          0.6207313400553732,
          2.616622492812482
        ],
        [
          0.0,
          0.0,
          0.0,
          1.0
        ]
      ]
    },
    {
      "file_path": "./newfruit_small/IMG_3653.jpg",
      "sharpness": 527.4399617436641,
      "transform_matrix": [
        [
          -0.3434760201527763,
          0.5160448493883522,
          -0.784679512336429,
          -3.292526585566367
        ],
        [
          -0.9197664878994893,
          -0.01591110240998428,
          0.39214339795473657,
          1.4526126749613884
        ],
        [
          0.18987846465638736,
          0.8564137728470409,
          0.4801058408525707,
          1.6001600093489006
        ],
        [
          0.0,
          0.0,
          0.0,
          1.0
        ]
      ]
    },
    {
      "file_path": "./newfruit_small/IMG_3645.jpg",
      "sharpness": 852.56761028948,
      "transform_matrix": [
        [
          -0.91567533185286,
          0.11959742619507939,
          -0.38371231719146126,
          -1.3538610409816525
        ],
        [
          -0.38800468933467375,
          -0.5120695192877557,
          0.7663140142742131,
          2.9267034737890607
        ],
        [
          -0.10483819804460705,
          0.8505770177497988,
          0.5152937892015991,
          1.5019414384789442
        ],
        [
          0.0,
          0.0,
          0.0,
          1.0
        ]
      ]
    },
    {
      "file_path": "./newfruit_small/IMG_3656.jpg",
      "sharpness": 215.7691348420434,
      "transform_matrix": [
        [
          -0.023104651823388257,
          0.49867427694027294,
          -0.8664814716212859,
          -3.466068990863562
        ],
        [
          -0.9811558973435243,
          0.15499650203186524,
          0.11536546046481569,
          0.5904346648357728
        ],
        [
          0.19183138475789588,
          0.8528188846166052,
          0.4856960674601777,
          1.7437135820067802
        ],
        [
          0.0,
          0.0,
          0.0,
          1.0
        ]
      ]
    },
    {
      "file_path": "./newfruit_small/IMG_3650.jpg",
      "sharpness": 235.4385004486374,
      "transform_matrix": [
        [
          -0.35241363893051353,
          0.46535914612727525,
          -0.8119393402787064,
          -2.559531536361804
        ],
        [
          -0.930846317407731,
          -0.08475863442055051,
          0.35544494265916815,
          1.6314042416952328
        ],
        [
          0.09659068529678305,
          0.8810543905388615,
          0.46304794623150763,
          1.7366142306367138
        ],
        [
          0.0,
          0.0,
          0.0,
          1.0
        ]
      ]
    },
    {
      "file_path": "./newfruit_small/IMG_3627.jpg",
      "sharpness": 314.4754136885712,
      "transform_matrix": [
        [
          0.13116473590645267,
          -0.7160880849388127,
          0.6855754274651541,
          1.9378373435528442
        ],
        [
          0.9854798123176628,
          0.16939537424695336,
          -0.011608044642789625,
          -0.04421485108339541
        ],
        [
          -0.10782092365183533,
          0.6771433096979232,
          0.7279090510752917,
          2.463191823574199
        ],
        [
          0.0,
          0.0,
          0.0,
          1.0
        ]
      ]
    },
    {
      "file_path": "./newfruit_small/IMG_3646.jpg",
      "sharpness": 558.7048573922103,
      "transform_matrix": [
        [
          -0.8216698680401494,
          0.24257300824088343,
          -0.5157683236770416,
          -1.840326948986042
        ],
        [
          -0.5681410783000542,
          -0.4208896882493411,
          0.7071545697199263,
          2.6263867325578034
        ],
        [
          -0.04554495769306531,
          0.8740767735526465,
          0.4836480650717593,
          1.5860725894131307
        ],
        [
          0.0,
          0.0,
          0.0,
          1.0
        ]
      ]
    },
    {
      "file_path": "./newfruit_small/IMG_3649.jpg",
      "sharpness": 518.8857323214322,
      "transform_matrix": [
        [
          -0.4693269652798103,
          0.46700032045042866,
          -0.7494283824630711,
          -2.327149505542616
        ],
        [
          -0.8819271465734703,
          -0.20560424426067753,
          0.4241832185284123,
          1.7563776195963812
        ],
        [
          0.04400804277864116,
          0.8600218575813895,
          0.5083558760712552,
          1.6425160049973657
        ],
        [
          0.0,
          0.0,
          0.0,
          1.0
        ]
      ]
    },
    {
      "file_path": "./newfruit_small/IMG_3651.jpg",
      "sharpness": 392.4930027283247,
      "transform_matrix": [
        [
          -0.4285516606540902,
          0.465051622954728,
          -0.7746421510727196,
          -2.6473026240909934
        ],
        [
          -0.8958010332592593,
          -0.10688589660566405,
          0.4314115366106907,
          1.5512513815356186
        ],
        [
          0.11783031439624685,
          0.8788073697769613,
          0.462399852852599,
          1.7188309091548872
        ],
        [
          0.0,
          0.0,
          0.0,
          1.0
        ]
      ]
    },
    {
      "file_path": "./newfruit_small/IMG_3648.jpg",
      "sharpness": 647.7796536090169,
      "transform_matrix": [
        [
          -0.6317259492599676,
          0.4056129798401831,
          -0.6606061123676752,
          -2.1152993048791613
        ],
        [
          -0.7750181815136239,
          -0.3124365781742234,
          0.549299738707791,
          2.0869798285612884
        ],
        [
          0.0164055905735683,
          0.8589886467674123,
          0.5117317279647086,
          1.6095202307547103
        ],
        [
          0.0,
          0.0,
          0.0,
          1.0
        ]
      ]
    },
    {
      "file_path": "./newfruit_small/IMG_3626.jpg",
      "sharpness": 424.98298986551396,
      "transform_matrix": [
        [
          0.2870971238621749,
          -0.6937478601627144,
          0.6605218755427378,
          1.7227979129231394
        ],
        [
          0.9560960042049678,
          0.2498512053603611,
          -0.1531496194106233,
          -0.3370242891598877
        ],
        [
          -0.05878496602038539,
          0.6754911411497594,
          0.7350211194797751,
          2.5041580636043506
        ],
        [
          0.0,
          0.0,
          0.0,
          1.0
        ]
      ]
    },
    {
      "file_path": "./newfruit_small/IMG_3647.jpg",
      "sharpness": 648.5742772674905,
      "transform_matrix": [
        [
          -0.7465313091375085,
          0.3352452725160758,
          -0.5747187240849512,
          -2.0138642001449663
        ],
        [
          -0.6653108119974579,
          -0.3855361955617931,
          0.6393147623458825,
          2.3118925535295363
        ],
        [
          -0.007247618675644066,
          0.8596350674761082,
          0.5108571452686194,
          1.5864398005673004
        ],
        [
          0.0,
          0.0,
          0.0,
          1.0
        ]
      ]
    },
    {
      "file_path": "./newfruit_small/IMG_3658.jpg",
      "sharpness": 350.4952756981527,
      "transform_matrix": [
        [
          0.293451636842545,
          0.43695921547710553,
          -0.8502663000053793,
          -3.302929400029018
        ],
        [
          -0.9042347837209868,
          0.41551009034606123,
          -0.09854349665004891,
          -0.4121456282644935
        ],
        [
          0.3102347381468701,
          0.7977581142827528,
          0.517045837838478,
          1.9430421746074051
        ],
        [
          0.0,
          0.0,
          0.0,
          1.0
        ]
      ]
    },
    {
      "file_path": "./newfruit_small/IMG_3673.jpg",
      "sharpness": 188.87516549582887,
      "transform_matrix": [
        [
          0.030633171486588964,
          -0.6950832039806727,
          0.7182763732919312,
          3.4148089190216817
        ],
        [
          0.9794930131610717,
          0.1640443962425983,
          0.11697381430215933,
          0.24832630945295023
        ],
        [
          -0.1991357476189832,
          0.699963410245162,
          0.6858543419861944,
          2.499710575687657
        ],
        [
          0.0,
          0.0,
          0.0,
          1.0
        ]
      ]
    },
    {
      "file_path": "./newfruit_small/IMG_3674.jpg",
      "sharpness": 188.793661177427,
      "transform_matrix": [
        [
          -0.0788983938618601,
          -0.7036006323591116,
          0.7062019496366821,
          3.690790052330577
        ],
        [
          0.9715424427250865,
          0.10443939745156414,
          0.21259749350845114,
          1.0942095932243563
        ],
        [
          -0.22333903696968332,
          0.7028787679841149,
          0.6753377763502583,
          2.3628957527528915
        ],
        [
          0.0,
          0.0,
          0.0,
          1.0
        ]
      ]
    },
    {
      "file_path": "./newfruit_small/IMG_3661.jpg",
      "sharpness": 356.1748196877389,
      "transform_matrix": [
        [
          0.73763015858759,
          0.32726814493482154,
          -0.5905906454844523,
          -2.2955189188245866
        ],
        [
          -0.641536159631461,
          0.6124566282122433,
          -0.46187469561186933,
          -2.1128992371829267
        ],
        [
          0.21055428056186803,
          0.7195779595901388,
          0.6617208286674152,
          2.1664196580276087
        ],
        [
          0.0,
          0.0,
          0.0,
          1.0
        ]
      ]
    },
    {
      "file_path": "./newfruit_small/IMG_3662.jpg",
      "sharpness": 250.48853622038897,
      "transform_matrix": [
        [
          0.8246114492321804,
          0.2382627887966959,
          -0.5130758241729946,
          -1.8152863978532798
        ],
        [
          -0.5205905343617783,
          0.6745241142923984,
          -0.5234526862795936,
          -2.74212498261601
        ],
        [
          0.22136271902903348,
          0.6987474957118232,
          0.6802576599669076,
          2.395004473979019
        ],
        [
          0.0,
          0.0,
          0.0,
          1.0
        ]
      ]
    },
    {
      "file_path": "./newfruit_small/IMG_3659.jpg",
      "sharpness": 382.7394773000248,
      "transform_matrix": [
        [
          0.47787878269018924,
          0.41590215442698064,
          -0.7737294534126983,
          -2.958531106291953
        ],
        [
          -0.8355609707270754,
          0.48700699787142776,
          -0.25428733398310766,
          -1.0193271467435379
        ],
        [
          0.2710530082241513,
          0.7680166547910248,
          0.5802419191848914,
          2.0547945383605755
        ],
        [
          0.0,
          0.0,
          0.0,
          1.0
        ]
      ]
    },
    {
      "file_path": "./newfruit_small/IMG_3675.jpg",
      "sharpness": 256.06700288957427,
      "transform_matrix": [
        [
          -0.30684413565898966,
          -0.5934930760474528,
          0.7440515070720535,
          2.6298295372531793
        ],
        [
          0.9331056366607906,
          -0.03357031966128482,
          0.3580319880570032,
          1.3468851966316318
        ],
        [
          -0.18751145897846616,
          0.8041386711285099,
          0.5640925902992923,
          2.1096229007479423
        ],
        [
          0.0,
          0.0,
          0.0,
          1.0
        ]
      ]
    },
    {
      "file_path": "./newfruit_small/IMG_3672.jpg",
      "sharpness": 201.76971471844416,
      "transform_matrix": [
        [
          0.2014210410546528,
          -0.683000011412363,
          0.7020972501811599,
          3.3945628470599223
        ],
        [
          0.9672955376554337,
          0.2515191563831336,
          -0.032824637188431496,
          -0.31489107674083966
        ],
        [
          -0.15417168049017782,
          0.6857471096951218,
          0.7113241135816678,
          2.6112288440069564
        ],
        [
          0.0,
          0.0,
          0.0,
          1.0
        ]
      ]
    },
    {
      "file_path": "./newfruit_small/IMG_3676.jpg",
      "sharpness": 644.5645954482126,
      "transform_matrix": [
        [
          0.2727287910186714,
          -0.7432092313936992,
          0.6109492982248648,
          1.9759240142618142
        ],
        [
          0.9516044848377465,
          0.3018875905690597,
          -0.057556816272661765,
          -0.06679849989881405
        ],
        [
          -0.14166125441748897,
          0.597079493116182,
          0.7895746753664981,
          3.646849326183662
        ],
        [
          0.0,
          0.0,
          0.0,
          1.0
        ]
      ]
    },
    {
      "file_path": "./newfruit_small/IMG_3677.jpg",
      "sharpness": 253.64361913609824,
      "transform_matrix": [
        [
          0.13830754888421956,
          -0.776548056287961,
          0.6146902783335715,
          1.9531321003479578
        ],
        [
          0.9808621650146869,
          0.19328252268433857,
          0.023479345600536675,
          0.24208980288594567
        ],
        [
          -0.1370417278548609,
          0.5996790664803316,
          0.7884190396831856,
          3.6501269001101053
        ],
        [
          0.0,
          0.0,
          0.0,
          1.0
        ]
      ]
    },
    {
      "file_path": "./newfruit_small/IMG_3665.jpg",
      "sharpness": 330.64686614519945,
      "transform_matrix": [
        [
          0.9887277947606963,
          -0.14369764336592047,
          0.0420515783235904,
          0.3021092066199015
        ],
        [
          0.13288107069680455,
          0.712761058171272,
          -0.6887047952551144,
          -2.138832569117929
        ],
        [
          0.06899252858927397,
          0.6865294322058356,
          0.7238213659440532,
          2.569155719673224
        ],
        [
          0.0,
          0.0,
          0.0,
          1.0
        ]
      ]
    },
    {
      "file_path": "./newfruit_small/IMG_3671.jpg",
      "sharpness": 247.59226369258835,
      "transform_matrix": [
        [
          0.4257854571416323,
          -0.6354905612030298,
          0.6440950948340808,
          2.8446384463526773
        ],
        [
          0.8984093547793659,
          0.38153773791495293,
          -0.21746168810623676,
          -1.1804191975563232
        ],
        [
          -0.10755173527032165,
          0.6712530828475459,
          0.7333838852136936,
          2.7799943132723604
        ],
        [
          0.0,
          0.0,
          0.0,
          1.0
        ]
      ]
    },
    {
      "file_path": "./newfruit_small/IMG_3678.jpg",
      "sharpness": 482.49951668928037,
      "transform_matrix": [
        [
          0.11793610664695495,
          -0.7218192805614202,
          0.6819589438078557,
          2.1620700251877394
        ],
        [
          0.9870504789534381,
          0.16040734194369882,
          -0.0009146861187124405,
          0.3434010091547445
        ],
        [
          -0.10873098341480192,
          0.6732357766317698,
          0.7313898839824025,
          3.7225197192138024
        ],
        [
          0.0,
          0.0,
          0.0,
          1.0
        ]
      ]
    },
    {
      "file_path": "./newfruit_small/IMG_3660.jpg",
      "sharpness": 513.9581544619934,
      "transform_matrix": [
        [
          0.3232879214287023,
          0.4771674886313308,
          -0.817187926815094,
          -2.860822842950244
        ],
        [
          -0.8695770742938842,
          0.490420390106359,
          -0.05765026307628064,
          -0.39582139396615923
        ],
        [
          0.3732567906078208,
          0.7292455202679032,
          0.5734808972559315,
          1.8306742516837151
        ],
        [
          0.0,
          0.0,
          0.0,
          1.0
        ]
      ]
    },
    {
      "file_path": "./newfruit_small/IMG_3670.jpg",
      "sharpness": 302.057526947897,
      "transform_matrix": [
        [
          0.5660645385856308,
          -0.6130484842435476,
          0.5511283826871013,
          2.4342896776621217
        ],
        [
          0.8211527467855767,
          0.47824899669247745,
          -0.31142585572089404,
          -1.452363865198476
        ],
        [
          -0.07265744726491007,
          0.6288477185972888,
          0.7741262443910917,
          2.657524027540742
        ],
        [
          0.0,
          0.0,
          0.0,
          1.0
        ]
      ]
    },
    {
      "file_path": "./newfruit_small/IMG_3666.jpg",
      "sharpness": 349.6635407714899,
      "transform_matrix": [
        [
          0.9719922823650737,
          -0.1704204821009842,
          0.16182664299792276,
          0.7968100092838191
        ],
        [
          0.23415179639874303,
          0.7611497793198302,
          -0.6048338198935022,
          -2.139270167562613
        ],
        [
          -0.020098242428707516,
          0.6257858042130128,
          0.7797359732498391,
          2.517427674402548
        ],
        [
          0.0,
          0.0,
          0.0,
          1.0
        ]
      ]
    },
    {
      "file_path": "./newfruit_small/IMG_3663.jpg",
      "sharpness": 476.9186552751656,
      "transform_matrix": [
        [
          0.9134800614395026,
          0.14637005685070736,
          -0.3796445494021711,
          -0.9420099650127107
        ],
        [
          -0.3604969332070574,
          0.7237990398973538,
          -0.588351010022355,
          -2.0707879279879635
        ],
        [
          0.18866938957441184,
          0.6743076125514721,
          0.7139419480433103,
          2.4090877027557123
        ],
        [
          0.0,
          0.0,
          0.0,
          1.0
        ]
      ]
    },
    {
      "file_path": "./newfruit_small/IMG_3685.jpg",
      "sharpness": 468.2879511386334,
      "transform_matrix": [
        [
          -0.6995543530120556,
          0.5673732254671463,
          -0.4344091738046806,
          -2.343223562943503
        ],
        [
          -0.7004795276104607,
          -0.42431448143872763,
          0.5738341678937909,
          2.246390077999958
        ],
        [
          0.141252039405997,
          0.7057229229135052,
          0.6942643714905651,
          3.974508964660273
        ],
        [
          0.0,
          0.0,
          0.0,
          1.0
        ]
      ]
    },
    {
      "file_path": "./newfruit_small/IMG_3669.jpg",
      "sharpness": 324.40791982802455,
      "transform_matrix": [
        [
          0.7066600655126164,
          -0.5529328337030907,
          0.44147121458091615,
          1.6952920080056069
        ],
        [
          0.7074333881268021,
          0.5406588198096888,
          -0.45522087158628627,
          -1.743413515849788
        ],
        [
          0.013021260631727857,
          0.6339978880293073,
          0.7732251449798193,
          2.6549207592579362
        ],
        [
          0.0,
          0.0,
          0.0,
          1.0
        ]
      ]
    },
    {
      "file_path": "./newfruit_small/IMG_3679.jpg",
      "sharpness": 145.56070458499178,
      "transform_matrix": [
        [
          -0.21260328612015295,
          -0.7003231428267223,
          0.6814303621302685,
          2.3345523461715905
        ],
        [
          0.9755619440148176,
          -0.11252861577463627,
          0.18872255833424945,
          1.1070434371408946
        ],
        [
          -0.05548635977761273,
          0.7049005648573897,
          0.7071325601508435,
          3.953106872569689
        ],
        [
          0.0,
          0.0,
          0.0,
          1.0
        ]
      ]
    },
    {
      "file_path": "./newfruit_small/IMG_3684.jpg",
      "sharpness": 451.6535711110702,
      "transform_matrix": [
        [
          -0.869479884544502,
          0.3717320994553807,
          -0.3252998258341804,
          -1.8462485207686241
        ],
        [
          -0.4901594083310096,
          -0.567651857897072,
          0.6614492593184655,
          2.5640643252787054
        ],
        [
          0.06122487134129352,
          0.7345655957853283,
          0.675769857792512,
          4.019699505680524
        ],
        [
          0.0,
          0.0,
          0.0,
          1.0
        ]
      ]
    },
    {
      "file_path": "./newfruit_small/IMG_3664.jpg",
      "sharpness": 445.6186986033821,
      "transform_matrix": [
        [
          0.9732027059789793,
          0.033919573546251,
          -0.2274334093452562,
          -0.35634316789431764
        ],
        [
          -0.1746741059993397,
          0.7522994196552393,
          -0.6352436854326626,
          -2.089114141069416
        ],
        [
          0.14955082695282382,
          0.6579476010708913,
          0.7380647020999649,
          2.451144305078483
        ],
        [
          0.0,
          0.0,
          0.0,
          1.0
        ]
      ]
    },
    {
      "file_path": "./newfruit_small/IMG_3680.jpg",
      "sharpness": 445.0499068147746,
      "transform_matrix": [
        [
          -0.5397516391290093,
          -0.583940726722866,
          0.6063673769363693,
          2.1274364616300865
        ],
        [
          0.8394790768484717,
          -0.31963261313141483,
          0.43944268358771316,
          1.7750828271281076
        ],
        [
          -0.06279369079944236,
          0.7462226345912915,
          0.6627282490603069,
          3.6494641321104044
        ],
        [
          0.0,
          0.0,
          0.0,
          1.0
        ]
      ]
    },
    {
      "file_path": "./newfruit_small/IMG_3686.jpg",
      "sharpness": 367.3191084812962,
      "transform_matrix": [
        [
          -0.429064161871876,
          0.7325150800183411,
          -0.5285126324163711,
          -2.5984900531690154
        ],
        [
          -0.8707239272688309,
          -0.1797561689552462,
          0.4577418073613404,
          1.687741315912592
        ],
        [
          0.24029937059941303,
          0.656589199837982,
          0.7149453372312939,
          3.9215713316636225
        ],
        [
          0.0,
          0.0,
          0.0,
          1.0
        ]
      ]
    },
    {
      "file_path": "./newfruit_small/IMG_3683.jpg",
      "sharpness": 375.500440794954,
      "transform_matrix": [
        [
          -0.9677691402636284,
          0.17543610385389988,
          -0.1806794528958265,
          -1.1764697945263647
        ],
        [
          -0.2517946938521719,
          -0.6605887802855649,
          0.7072636676028752,
          2.971864027187047
        ],
        [
          0.004724762830551035,
          0.7299620790630177,
          0.6834713160252709,
          4.104442205317445
        ],
        [
          0.0,
          0.0,
          0.0,
          1.0
        ]
      ]
    },
    {
      "file_path": "./newfruit_small/IMG_3667.jpg",
      "sharpness": 430.26419183725994,
      "transform_matrix": [
        [
          0.905099893936663,
          -0.37266433467758214,
          0.20473269337340969,
          0.8686818464200174
        ],
        [
          0.41754666698834375,
          0.6880569605031867,
          -0.5934917017047426,
          -1.669878457031062
        ],
        [
          0.08030543543432483,
          0.6226547300068661,
          0.7783650328238702,
          2.438344274063585
        ],
        [
          0.0,
          0.0,
          0.0,
          1.0
        ]
      ]
    },
    {
      "file_path": "./newfruit_small/IMG_3668.jpg",
      "sharpness": 441.0606422831916,
      "transform_matrix": [
        [
          0.790263120482566,
          -0.4982936306567311,
          0.35663378714427063,
          1.3521569566295064
        ],
        [
          0.6121892129884456,
          0.6167411033569168,
          -0.49482802965578937,
          -1.7828569345173173
        ],
        [
